676
796
916
1044
1164
1288
1404
1532
1660
1784
1904
2036
2168
2288
2408
2528
2648
2768
2888
3008
3128
3248
3364
3484
3604
3724
3844
3964
4084
4208
4328
4448
4568
4688
4808
4928
5048
5172
5292
5412
5532
5652
5772
5892
6012
6132
6256
6376
6496
6616
6736
6856
6976
7096
7216
7332
7452
7572
7692
7812
7932
8052
8172
8292
8412
8532
8652
8768
8888
9008
9128
9248
9368
9488
9608
9728
9848
9968
10088
10204
10324
10444
10564
10684
10804
10924
11044
11164
11284
11404
11524
11644
11764
11884
12004
12124
12244
12364
12480
12600
12720
12840
12960
13080
13200
13324
13444
13564
13684
13804
13924
14044
14164
14280
14400
14520
14640
14760
14880
15000
15120
15240
15364
15484
15604
15724
15844
15964
16084
16204
16324
16444
16560
16680
16800
16920
17040
17160
17280
17400
17524
17644
17764
17884
18004
18124
18244
18364
18484
18604
18724
18844
18964
19084
19204
19324
19444
19568
19688
19808
19928
20048
20168
20288
20408
20528
20644
20764
20884
21004
21124
21244
21364
21484
21604
21724
21844
21964
22080
22200
22320
22440
22560
22680
22800
22920
23040
23160
23280
23400
23520
23636
23756
23876
23996
24116
24236
24356
24476
24596
24716
24836
24956
25076
25196
25316
25436
25556
25676
25792
25912
26032
26152
26272
26392
26512
26636
26756
26876
26996
27116
27236
27356
27476
27596
27716
27836
27956
28076
28192
28312
28432
28552
28680
28800
28920
29036
29156
29276
29396
29516
29636
29756
29876
29996
30116
30236
30356
30472
30592
167200
167320
167448
167568
167692
167812
167948
168064
168192
168320
168448
168568
168700
168820
168936
169064
169184
169308
169428
169556
169680
169808
169928
170060
170180
170300
170424
170544
170668
170788
170916
171040
171168
171288
171420
171540
171656
171784
171904
172028
172152
172280
172400
172520
172640
172760
172880
173000
173116
173236
173356
173476
173596
173716
173836
173956
174076
174200
174320
174440
174560
174680
174800
174916
175036
175156
175276
175396
175516
175636
175756
175876
175996
176112
176232
176352
176472
176592
176712
176832
176952
177072
177192
177312
177428
177548
177668
177788
177908
178028
178148
178268
178388
178508
178624
178744
178864
178984
179104
179224
179344
179464
179584
179704
179824
179944
180060
180180
180300
180420
180540
180660
180780
180900
181020
181140
181264
181384
181504
181624
181744
181864
181984
182100
182220
182340
182460
182580
182700
182820
182940
183060
183180
183304
183424
183544
183664
183784
183904
184020
184140
184260
184380
184500
184620
184740
184860
184980
185100
185216
185336
185464
185584
185704
185824
185940
186060
186180
186300
186420
186540
186660
186780
186900
187020
187140
187260
187380
187504
187624
187744
187864
187984
188104
188220
188340
188460
188580
188700
188820
188940
189060
189180
189300
189420
189536
189656
189776
189896
190016
190136
190256
190376
190496
190612
190732
190852
190972
191092
191212
191332
191452
191572
191692
191812
191932
192052
192172
192288
192408
192532
192652
192772
192892
193012
193132
193248
193368
193488
193608
193728
193848
193968
194088
194208
194328
194444
194572
194692
194812
194932
195052
195168
195288
195408
195528
195648
195768
195888
196008
196128
196244
196364
196484
196604
196732
196848
196968
197088
197208
362060
362180
362308
362424
362552
362672
362800
362924
363052
363172
363304
363424
363544
363668
363788
363912
364032
364160
364284
364412
364532
364664
364784
364920
365040
365156
365284
365404
365528
365652
365780
365900
366028
366148
366280
366400
366516
366644
366764
366888
367008
367136
367260
367380
367500
367624
367744
367864
367984
368100
368220
368340
368460
368580
368700
368820
368940
369060
369176
369296
369416
369536
369656
369780
369900
370020
370140
370260
370380
370500
370620
370740
370860
370980
371100
371220
371340
371460
371576
371696
371816
371936
372056
372176
372296
372416
372536
372656
372772
372892
373012
373132
373252
373372
373492
373612
373732
373848
373968
374088
374208
374328
374448
374568
374688
374808
374924
375044
375164
375284
375404
375524
375644
375764
375884
376000
376120
376240
376360
376480
376600
376720
376844
376964
377084
377204
377324
377444
377564
377684
377800
377920
378040
378160
378280
378400
378520
378640
378760
378876
379004
379124
379244
379360
379480
379600
379720
379840
379960
380080
380200
380320
380436
380556
380676
380796
380916
381044
381164
381280
381400
381520
381640
381760
381880
382004
382124
382244
382364
382484
382604
382724
382840
382960
383080
383200
383320
383440
383560
383680
383800
383920
384040
384156
384276
384396
384516
384636
384756
384876
384996
385116
385232
385352
385472
385592
385712
385832
385952
386072
386192
386312
386432
386552
386668
386788
386908
387028
387148
387268
387388
387508
387628
387744
387864
387984
388112
388232
388348
388468
388588
388708
388828
388948
389068
389188
389304
389424
389544
389664
389784
389904
390024
390148
390268
390388
390508
390628
390748
390868
390988
391104
391224
391344
391464
391584
391704
391824
391944
392064
556920
557040
557176
557292
557420
557540
557668
557788
557916
558040
558172
558296
558424
558544
558676
558796
558916
559040
559160
559284
559404
559532
559656
559784
559904
560036
560156
560272
560400
560520
560644
560764
560892
561016
561144
561272
561396
561516
561648
561768
561888
562016
562136
562260
562380
562500
562620
562740
562860
562980
563096
563220
563340
563460
563580
563700
563820
563936
564056
564176
564296
564416
564536
564656
564776
564896
565012
565132
565260
565376
565496
565616
565736
565856
565976
566096
566212
566332
566452
566572
566692
566812
566932
567052
567168
567288
567416
567536
567652
567772
567892
568012
568132
568252
568372
568492
568612
568732
568852
568972
569092
569212
569328
569448
569568
569688
569808
569928
570048
570164
570284
570404
570524
570644
570764
570884
571004
571124
571240
571360
571480
571600
571720
571840
571960
572076
572196
572316
572436
572556
572676
572796
572916
573036
573156
573272
573392
573512
573632
573752
573872
573992
574108
574228
574348
574476
574592
574712
574832
574952
575072
575192
575312
575432
575548
575668
575788
575908
576028
576148
576268
576388
576508
576632
576752
576872
576992
577108
577228
577348
577468
577588
577708
577828
577948
578068
578188
578308
578424
578544
578664
578784
578904
579024
579144
579264
579384
579504
579620
579740
579860
579980
580100
580220
580340
580460
580580
580700
580820
580936
581056
581176
581296
581416
581536
581656
581776
581896
582012
582132
582252
582372
582492
582612
582732
582852
582972
583092
583212
583328
583448
583568
583696
583812
583932
584052
584172
584292
584412
584532
584652
584768
584888
585008
585128
585248
585368
585488
585608
585728
585852
585972
586092
586212
586328
586448
586568
586688
586808
586928
751780
751900
752028
752144
752272
752392
752520
752652
752780
752900
753028
753148
753280
753400
753520
753644
753764
753888
754008
754136
754260
754388
754508
754640
754760
754880
755004
755124
755248
755368
755496
755620
755748
755868
756000
756120
756240
756364
756484
756608
756728
756860
756980
757100
757220
757340
757460
757580
757696
757816
757936
758056
758176
758296
758416
758536
758656
758772
758900
759020
759136
759256
759376
759496
759616
759736
759860
759980
760100
760220
760340
760460
760580
760700
760820
760944
761064
761184
761304
761420
761540
761660
761780
761900
762020
762140
762260
762380
762500
762616
762736
762856
762976
763096
763216
763336
763456
763572
763692
763812
763932
764052
764172
764292
764412
764528
764648
764768
764888
765012
765132
765252
765372
765492
765612
765728
765848
765972
766092
766212
766332
766452
766572
766692
766808
766928
767048
767168
767288
767408
767528
767648
767764
767884
768012
768132
768252
768368
768488
768608
768728
768848
768968
769084
769204
769324
769444
769564
769684
769804
769924
770040
770168
770288
770408
770524
770644
770764
770884
771004
771124
771244
771364
771484
771604
771724
771844
771964
772080
772200
772320
772440
772560
772680
772800
772916
773036
773156
773276
773396
773516
773636
773752
773872
773992
774112
774232
774352
774472
774592
774708
774828
774948
775068
775188
775308
775428
775548
775668
775788
775904
776024
776144
776264
776384
776504
776624
776744
776864
776980
777100
777228
777348
777468
777584
777704
777824
777944
778064
778184
778304
778424
778540
778660
778780
778900
779020
779140
779260
779384
779504
779624
779744
779864
779984
780104
780220
780340
780460
780580
780700
780820
780940
781060
781180
781296
781416
781536
781656
781776
946632
946748
946876
946996
947124
947244
947368
947496
947624
947740
947876
947992
948112
948244
948364
948492
948612
948736
948856
948984
949108
949236
949364
949492
949612
949744
949864
949984
950108
950228
950352
950472
950600
950724
950852
950972
951104
951224
951356
951476
951596
951724
951844
951964
952080
952200
952328
952444
952564
952684
952804
952924
953044
953160
953280
953400
953520
953640
953760
953880
954000
954116
954236
954356
954484
954600
954720
954840
954960
955080
955200
955320
955436
955556
955676
955796
955916
956036
956156
956276
956392
956512
956632
956752
956872
956992
957112
957232
957348
957468
957588
957708
957828
957948
958068
958188
958304
958424
958548
958668
958788
958908
959028
959148
959264
959384
959508
959628
959748
959868
959988
960108
960228
960344
960464
960584
960704
960824
960944
961064
961184
961304
961424
961548
961668
961788
961908
962028
962144
962264
962384
962504
962624
962744
962864
962984
963100
963220
963340
963460
963580
963704
963824
963944
964064
964184
964304
964424
964544
964660
964780
964900
965020
965140
965260
965380
965500
965616
965736
965856
965976
966096
966216
966336
966456
966572
966692
966812
966932
967052
967172
967292
967412
967528
967648
967768
967888
968008
968128
968248
968368
968484
968604
968724
968844
968964
969084
969204
969324
969440
969560
969680
969800
969920
970040
970160
970280
970396
970516
970636
970764
970880
971000
971120
971240
971360
971480
971600
971716
971836
971956
972076
972196
972316
972436
972552
972672
972792
972916
973036
973156
973276
973396
973516
973636
973752
973876
973996
974116
974236
974356
974476
974592
974712
974832
974952
975072
975192
975312
975432
975552
975668
975788
975908
976028
976148
976268
976388
976508
976624
1141480
1141600
1141728
1141848
1141972
1142092
1142220
1142344
1142472
1142592
1142724
1142844
1142964
1143092
1143208
1143332
1143452
1143580
1143704
1143836
1143960
1144088
1144208
1144340
1144460
1144576
1144704
1144824
1144956
1145076
1145204
1145320
1145448
1145576
1145704
1145820
1145956
1146076
1146208
1146328
1146448
1146576
1146696
1146816
1146932
1147052
1147172
1147292
1147412
1147532
1147648
1147768
1147888
1148008
1148128
1148248
1148368
1148488
1148604
1148724
1148844
1148964
1149084
1149204
1149324
1149440
1149560
1149680
1149800
1149920
1150040
1150160
1150276
1150396
1150516
1150636
1150756
1150876
1150996
1151116
1151236
1151356
1151476
1151592
1151712
1151832
1151952
1152072
1152192
1152312
1152428
1152548
1152668
1152788
1152908
1153032
1153152
1153272
1153392
1153512
1153632
1153752
1153872
1153992
1154108
1154228
1154348
1154468
1154588
1154708
1154828
1154948
1155064
1155192
1155312
1155428
1155548
1155668
1155788
1155908
1156028
1156148
1156268
1156388
1156508
1156628
1156748
1156864
1156984
1157104
1157224
1157344
1157464
1157584
1157704
1157824
1157944
1158060
1158180
1158300
1158420
1158540
1158660
1158780
1158900
1159016
1159136
1159256
1159376
1159496
1159616
1159736
1159856
1159972
1160092
1160212
1160332
1160452
1160572
1160692
1160812
1160932
1161052
1161168
1161288
1161408
1161528
1161648
1161768
1161888
1162008
1162124
1162252
1162372
1162492
1162608
1162728
1162848
1162968
1163088
1163208
1163328
1163448
1163568
1163684
1163804
1163924
1164044
1164164
1164284
1164408
1164528
1164648
1164768
1164888
1165008
1165124
1165244
1165364
1165484
1165604
1165724
1165844
1165960
1166080
1166200
1166320
1166440
1166560
1166680
1166800
1166916
1167036
1167156
1167276
1167396
1167516
1167636
1167756
1167872
1167992
1168112
1168232
1168352
1168472
1168592
1168712
1168828
1168948
1169068
1169188
1169308
1169428
1169548
1169668
1169788
1169908
1170024
1170144
1170264
1170384
1170504
1170624
1170744
1170860
1170980
1171100
1171220
1171340
1171464
1357608
1357724
1357852
1357972
1358100
1358220
1358348
1358472
1358600
1358720
1358856
1358984
1359108
1359228
1359360
1359480
1359600
1359728
1359848
1359968
1360088
1360216
1360340
1360468
1360588
1360720
1360840
1360960
1361088
1361208
1361328
1361448
1361576
1361704
1361828
1361948
1362080
1362200
1362320
1362448
1362568
1362688
1362808
1362928
1363048
1363168
1363288
1363408
1363528
1363644
1363764
1363884
1364004
1364124
1364244
1364364
1364480
1364600
1364720
1364840
1364960
1365080
1365200
1365320
1365436
1365556
1365676
1365796
1365916
1366036
1366156
1366276
1366396
1366516
1366632
1366752
1366872
1366992
1367112
1367232
1367352
1367468
1367588
1367708
1367828
1367948
1368072
1368192
1368312
1368432
1368552
1368668
1368788
1368908
1369028
1369148
1369268
1369388
1369504
1369624
1369744
1369864
1369984
1370104
1370228
1370348
1370468
1370588
1370708
1370824
1370944
1371064
1371188
1371308
1371428
1371548
1371668
1371788
1371904
1372024
1372144
1372264
1372384
1372504
1372624
1372740
1372860
1372980
1373100
1373220
1373340
1373460
1373580
1373696
1373816
1373936
1374056
1374176
1374296
1374416
1374536
1374652
1374772
1374892
1375012
1375132
1375252
1375372
1375492
1375612
1375732
1375852
1375968
1376088
1376208
1376328
1376448
1376568
1376688
1376808
1376924
1377044
1377164
1377292
1377412
1377528
1377648
1377768
1377888
1378008
1378128
1378244
1378364
1378484
1378604
1378724
1378844
1378964
1379084
1379200
1379320
1379448
1379568
1379688
1379804
1379924
1380044
1380164
1380284
1380404
1380524
1380644
1380764
1380884
1381004
1381124
1381240
1381360
1381480
1381600
1381720
1381840
1381960
1382076
1382196
1382316
1382436
1382556
1382676
1382796
1382916
1383036
1383152
1383272
1383392
1383512
1383632
1383752
1383872
1383988
1384108
1384228
1384348
1384468
1384588
1384708
1384828
1384948
1385068
1385188
1385304
1385424
1385544
1385664
1385784
1385904
1386024
1386140
1386260
1386380
1386508
1386624
1386744
1386864
1386984
1387104
1387224
1387340
1387460
1387580
1573720
1573840
1573972
1574092
1574216
1574332
1574460
1574588
1574712
1574832
1574964
1575084
1575204
1575332
1575452
1575576
1575696
1575820
1575952
1576080
1576200
1576328
1576448
1576580
1576700
1576820
1576948
1577072
1577200
1577320
1577444
1577564
1577692
1577816
1577944
1578072
1578200
1578320
1578452
1578572
1578688
1578816
1578936
1579060
1579180
1579300
1579420
1579540
1579660
1579776
1579896
1580016
1580136
1580256
1580376
1580496
1580616
1580732
1580852
1580972
1581092
1581212
1581332
1581452
1581572
1581688
1581808
1581928
1582048
1582168
1582288
1582408
1582524
1582644
1582764
1582884
1583004
1583124
1583244
1583364
1583484
1583604
1583720
1583840
1583960
1584080
1584200
1584320
1584440
1584560
1584680
1584796
1584916
1585036
1585164
1585280
1585400
1585520
1585640
1585760
1585880
1586000
1586116
1586236
1586356
1586476
1586596
1586716
1586832
1586952
1587072
1587192
1587316
1587436
1587556
1587676
1587796
1587916
1588036
1588152
1588276
1588396
1588516
1588636
1588756
1588876
1588992
1589112
1589232
1589352
1589472
1589592
1589712
1589828
1589948
1590068
1590188
1590308
1590428
1590548
1590668
1590784
1590904
1591024
1591144
1591264
1591384
1591500
1591620
1591740
1591860
1591980
1592100
1592220
1592340
1592460
1592580
1592700
1592820
1592940
1593060
1593176
1593296
1593416
1593536
1593656
1593776
1593896
1594016
1594136
1594252
1594380
1594500
1594620
1594736
1594856
1594976
1595096
1595216
1595336
1595456
1595572
1595692
1595812
1595932
1596052
1596172
1596292
1596412
1596536
1596656
1596776
1596896
1597016
1597136
1597252
1597372
1597492
1597612
1597732
1597852
1597972
1598092
1598212
1598332
1598448
1598568
1598688
1598808
1598928
1599048
1599168
1599288
1599404
1599524
1599644
1599764
1599884
1600004
1600124
1600244
1600364
1600480
1600600
1600720
1600840
1600960
1601080
1601200
1601320
1601436
1601556
1601676
1601796
1601916
1602036
1602156
1602272
1602392
1602512
1602632
1602752
1602872
1602992
1603112
1603228
1603348
1603468
1603596
1603712
1789856
1789976
1790104
1790224
1790348
1790468
1790596
1790720
1790848
1790968
1791100
1791220
1791356
1791476
1791596
1791720
1791840
1791964
1792084
1792212
1792336
1792464
1792584
1792716
1792836
1792956
1793080
1793200
1793324
1793444
1793572
1793696
1793824
1793944
1794076
1794196
1794332
1794448
1794568
1794696
1794816
1794940
1795060
1795184
1795304
1795424
1795544
1795664
1795784
1795900
1796020
1796140
1796260
1796380
1796500
1796620
1796740
1796856
1796976
1797096
1797216
1797336
1797456
1797576
1797696
1797812
1797932
1798052
1798172
1798292
1798412
1798532
1798648
1798768
1798888
1799008
1799128
1799252
1799372
1799492
1799612
1799732
1799848
1799968
1800088
1800212
1800332
1800452
1800572
1800692
1800812
1800928
1801048
1801168
1801288
1801408
1801528
1801648
1801768
1801884
1802004
1802124
1802252
1802368
1802488
1802608
1802728
1802848
1802968
1803084
1803204
1803324
1803444
1803564
1803684
1803804
1803920
1804040
1804160
1804280
1804404
1804524
1804644
1804764
1804884
1805004
1805120
1805240
1805364
1805484
1805604
1805724
1805844
1805964
1806080
1806200
1806320
1806440
1806560
1806680
1806796
1806916
1807036
1807156
1807276
1807396
1807516
1807636
1807752
1807872
1807992
1808112
1808232
1808352
1808472
1808588
1808708
1808828
1808948
1809068
1809188
1809304
1809428
1809548
1809668
1809788
1809908
1810028
1810144
1810264
1810384
1810504
1810624
1810744
1810864
1810980
1811100
1811220
1811340
1811464
1811584
1811704
1811824
1811944
1812064
1812184
1812300
1812420
1812540
1812660
1812780
1812900
1813020
1813140
1813260
1813376
1813496
1813624
1813744
1813860
1813980
1814100
1814220
1814340
1814460
1814580
1814700
1814820
1814940
1815060
1815180
1815300
1815416
1815536
1815656
1815776
1815896
1816016
1816136
1816256
1816372
1816492
1816612
1816732
1816852
1816972
1817092
1817212
1817332
1817452
1817568
1817688
1817808
1817928
1818048
1818168
1818288
1818408
1818524
1818644
1818764
1818884
1819004
1819124
1819244
1819364
1819484
1819600
1819720
1819840
2005984
2006104
2006228
2006348
2006476
2006596
2006724
2006848
2006976
2007096
2007228
2007348
2007464
2007592
2007712
2007836
2007956
2008088
2008208
2008336
2008456
2008588
2008708
2008824
2008952
2009072
2009196
2009316
2009444
2009568
2009696
2009816
2009948
2010068
2010188
2010312
2010432
2010556
2010676
2010804
2010928
2011056
2011176
2011300
2011420
2011540
2011656
2011776
2011896
2012016
2012136
2012256
2012376
2012496
2012612
2012732
2012852
2012972
2013092
2013212
2013332
2013452
2013568
2013688
2013808
2013928
2014048
2014168
2014292
2014412
2014532
2014652
2014772
2014892
2015008
2015128
2015252
2015372
2015492
2015612
2015732
2015852
2015972
2016088
2016208
2016328
2016448
2016568
2016688
2016808
2016928
2017048
2017164
2017292
2017412
2017532
2017652
2017768
2017888
2018008
2018128
2018248
2018368
2018488
2018608
2018724
2018844
2018964
2019084
2019204
2019324
2019448
2019568
2019688
2019808
2019928
2020048
2020168
2020284
2020404
2020524
2020644
2020764
2020884
2021004
2021124
2021240
2021360
2021480
2021600
2021720
2021840
2021960
2022076
2022196
2022316
2022436
2022556
2022676
2022796
2022912
2023032
2023152
2023272
2023392
2023512
2023628
2023748
2023868
2023988
2024108
2024228
2024348
2024468
2024588
2024708
2024828
2024948
2025064
2025184
2025304
2025424
2025544
2025664
2025784
2025900
2026020
2026140
2026260
2026380
2026504
2026624
2026744
2026864
2026984
2027100
2027220
2027340
2027460
2027580
2027700
2027820
2027936
2028056
2028176
2028296
2028416
2028536
2028660
2028780
2028900
2029020
2029136
2029256
2029376
2029496
2029620
2029740
2029860
2029980
2030100
2030220
2030340
2030456
2030576
2030696
2030816
2030936
2031056
2031176
2031292
2031412
2031532
2031652
2031772
2031892
2032012
2032132
2032248
2032368
2032488
2032608
2032728
2032848
2032968
2033088
2033204
2033324
2033444
2033564
2033684
2033804
2033924
2034044
2034164
2034284
2034404
2034524
2034644
2034760
2034880
2035000
2035120
2035240
2035360
2035480
2035600
2035724
2035844
2035964
2222104
2222224
2222352
2222472
2222596
2222716
2222844
2222968
2223096
2223224
2223352
2223472
2223604
2223724
2223844
2223968
2224088
2224212
2224332
2224460
2224584
2224712
2224832
2224964
2225084
2225204
2225332
2225452
2225580
2225700
2225824
2225944
2226072
2226196
2226324
2226444
2226580
2226700
2226816
2226944
2227064
2227188
2227312
2227432
2227552
2227672
2227792
2227912
2228028
2228148
2228268
2228388
2228508
2228628
2228748
2228864
2228984
2229104
2229224
2229344
2229464
2229584
2229704
2229820
2229940
2230060
2230180
2230300
2230420
2230540
2230656
2230776
2230896
2231016
2231136
2231256
2231380
2231500
2231620
2231740
2231860
2231976
2232096
2232216
2232340
2232460
2232580
2232700
2232820
2232940
2233056
2233176
2233296
2233416
2233536
2233656
2233776
2233896
2234016
2234136
2234252
2234380
2234500
2234620
2234736
2234856
2234976
2235096
2235216
2235336
2235456
2235576
2235692
2235812
2235932
2236052
2236172
2236292
2236412
2236536
2236656
2236776
2236896
2237016
2237136
2237252
2237372
2237492
2237612
2237732
2237852
2237972
2238092
2238212
2238332
2238448
2238568
2238688
2238808
2238928
2239048
2239168
2239288
2239404
2239524
2239644
2239764
2239884
2240004
2240124
2240244
2240360
2240480
2240600
2240720
2240840
2240960
2241076
2241196
2241316
2241436
2241556
2241676
2241796
2241916
2242036
2242156
2242272
2242392
2242512
2242632
2242752
2242872
2242992
2243108
2243228
2243348
2243468
2243592
2243712
2243832
2243952
2244072
2244192
2244308
2244428
2244548
2244668
2244788
2244908
2245024
2245144
2245264
2245384
2245504
2245624
2245748
2245868
2245988
2246108
2246224
2246344
2246464
2246584
2246708
2246828
2246948
2247068
2247188
2247308
2247424
2247544
2247664
2247784
2247904
2248024
2248144
2248260
2248380
2248500
2248620
2248740
2248860
2248980
2249096
2249216
2249336
2249456
2249576
2249696
2249816
2249932
2250052
2250172
2250292
2250412
2250532
2250652
2250772
2250892
2251012
2251132
2251252
2251372
2251488
2251608
2251728
2251848
2251968
2252088
2438228
2438348
2438476
2438596
2438720
2438840
2438968
2439092
2439220
2439340
2439472
2439592
2439712
2439840
2439960
2440080
2440208
2440336
2440456
2440580
2440700
2440832
2440952
2441072
2441200
2441320
2441440
2441560
2441688
2441812
2441940
2442060
2442192
2442312
2442432
2442560
2442680
2442800
2442920
2443048
2443176
2443300
2443420
2443544
2443664
2443784
2443904
2444024
2444144
2444264
2444380
2444500
2444620
2444740
2444860
2444980
2445100
2445216
2445336
2445456
2445576
2445696
2445816
2445936
2446052
2446172
2446292
2446412
2446532
2446652
2446772
2446888
2447008
2447128
2447248
2447372
2447492
2447612
2447732
2447852
2447972
2448092
2448208
2448328
2448448
2448568
2448688
2448808
2448924
2449044
2449164
2449284
2449404
2449528
2449648
2449768
2449888
2450008
2450128
2450244
2450364
2450484
2450604
2450724
2450844
2450964
2451084
2451204
2451324
2451440
2451560
2451680
2451800
2451920
2452040
2452160
2452276
2452396
2452516
2452636
2452756
2452876
2452996
2453116
2453236
2453356
2453472
2453592
2453712
2453832
2453952
2454072
2454192
2454312
2454432
2454548
2454668
2454788
2454908
2455028
2455148
2455268
2455388
2455508
2455624
2455744
2455864
2455984
2456104
2456224
2456344
2456464
2456588
2456708
2456828
2456948
2457068
2457184
2457304
2457424
2457544
2457664
2457784
2457904
2458024
2458140
2458260
2458380
2458500
2458620
2458744
2458864
2458984
2459104
2459224
2459344
2459464
2459584
2459704
2459820
2459940
2460060
2460180
2460300
2460420
2460540
2460656
2460776
2460896
2461016
2461136
2461256
2461376
2461492
2461612
2461732
2461852
2461972
2462092
2462212
2462332
2462448
2462568
2462688
2462808
2462928
2463048
2463168
2463284
2463404
2463524
2463644
2463764
2463884
2464004
2464124
2464244
2464364
2464480
2464600
2464720
2464840
2464960
2465080
2465200
2465316
2465436
2465556
2465676
2465804
2465920
2466040
2466160
2466280
2466400
2466520
2466636
2466756
2466876
2466996
2467116
2467236
2467356
2467476
2467592
2467712
2467832
2467956
2468076
2468196
2654340
2654460
2654584
2654704
2654832
2654952
2655080
2655204
2655332
2655452
2655584
2655704
2655824
2655948
2656068
2656192
2656316
2656444
2656564
2656692
2656812
2656944
2657064
2657184
2657308
2657428
2657552
2657672
2657800
2657924
2658052
2658172
2658308
2658436
2658560
2658680
2658812
2658932
2659052
2659180
2659300
2659424
2659540
2659660
2659780
2659900
2660020
2660140
2660260
2660376
2660496
2660616
2660736
2660856
2660976
2661096
2661212
2661332
2661452
2661572
2661692
2661812
2661932
2662048
2662168
2662288
2662416
2662532
2662652
2662772
2662892
2663012
2663132
2663248
2663368
2663488
2663608
2663728
2663848
2663968
2664084
2664204
2664324
2664444
2664568
2664688
2664808
2664928
2665048
2665168
2665284
2665404
2665524
2665644
2665764
2665884
2666004
2666124
2666240
2666360
2666480
2666600
2666720
2666840
2666956
2667076
2667196
2667316
2667436
2667556
2667676
2667796
2667912
2668032
2668152
2668272
2668392
2668512
2668632
2668752
2668868
2668988
2669108
2669228
2669348
2669468
2669588
2669708
2669828
2669948
2670068
2670188
2670304
2670424
2670544
2670664
2670784
2670904
2671024
2671144
2671264
2671384
2671500
2671628
2671748
2671868
2671984
2672104
2672224
2672344
2672464
2672584
2672704
2672820
2672940
2673060
2673180
2673300
2673420
2673540
2673660
2673784
2673904
2674024
2674144
2674264
2674384
2674504
2674620
2674740
2674860
2674980
2675100
2675220
2675340
2675460
2675576
2675696
2675816
2675936
2676056
2676176
2676296
2676416
2676536
2676656
2676776
2676892
2677012
2677132
2677252
2677372
2677492
2677612
2677728
2677848
2677968
2678088
2678208
2678328
2678448
2678564
2678684
2678804
2678924
2679044
2679164
2679284
2679404
2679520
2679640
2679760
2679880
2680000
2680120
2680240
2680360
2680480
2680596
2680716
2680844
2680964
2681080
2681200
2681320
2681440
2681560
2681680
2681800
2681916
2682036
2682156
2682276
2682396
2682516
2682636
2682752
2682872
2683000
2683120
2683236
2683356
2683476
2683596
2683716
2683836
2683956
2684076
2684196
2684316
2870456
2870576
2870704
2870824
2870948
2871068
2871196
2871324
2871448
2871568
2871700
2871820
2871940
2872068
2872188
2872308
2872436
2872564
2872684
2872808
2872928
2873060
2873180
2873300
2873428
2873548
2873668
2873788
2873916
2874044
2874168
2874288
2874420
2874540
2874660
2874788
2874908
2875028
2875148
2875276
2875408
2875536
2875656
2875776
2875896
2876016
2876136
2876256
2876376
2876492
2876612
2876732
2876852
2876972
2877092
2877212
2877332
2877456
2877576
2877696
2877816
2877936
2878052
2878172
2878292
2878412
2878532
2878652
2878772
2878888
2879008
2879128
2879248
2879368
2879492
2879612
2879732
2879852
2879972
2880092
2880212
2880328
2880448
2880568
2880688
2880808
2880928
2881048
2881168
2881284
2881404
2881524
2881652
2881768
2881888
2882008
2882128
2882248
2882368
2882484
2882604
2882724
2882844
2882964
2883084
2883204
2883324
2883440
2883560
2883680
2883800
2883920
2884040
2884160
2884276
2884396
2884516
2884636
2884756
2884876
2884996
2885116
2885232
2885352
2885472
2885592
2885716
2885836
2885956
2886076
2886196
2886312
2886432
2886552
2886676
2886796
2886916
2887036
2887156
2887276
2887392
2887512
2887632
2887752
2887872
2887992
2888112
2888232
2888348
2888468
2888588
2888716
2888832
2888952
2889072
2889192
2889312
2889432
2889548
2889668
2889788
2889908
2890028
2890148
2890268
2890388
2890504
2890624
2890744
2890872
2890988
2891108
2891228
2891348
2891468
2891588
2891708
2891828
2891948
2892068
2892188
2892308
2892428
2892548
2892664
2892784
2892904
2893024
2893144
2893264
2893384
2893504
2893624
2893740
2893860
2893980
2894100
2894220
2894340
2894460
2894576
2894696
2894816
2894936
2895056
2895176
2895296
2895416
2895532
2895652
2895772
2895892
2896012
2896132
2896252
2896372
2896492
2896612
2896728
2896848
2896968
2897088
2897208
2897328
2897448
2897568
2897684
2897804
2897932
2898052
2898168
2898288
2898408
2898528
2898648
2898768
2898884
2899004
2899124
2899244
2899364
2899484
2899604
2899724
2899840
2899960
2900088
2900208
2900324
2900444
3086588
3086704
3086832
3086952
3087080
3087200
3087328
3087452
3087580
3087700
3087832
3087952
3088068
3088196
3088316
3088440
3088560
3088688
3088812
3088940
3089060
3089192
3089312
3089432
3089556
3089676
3089800
3089920
3090048
3090172
3090300
3090420
3090552
3090672
3090804
3090924
3091044
3091172
3091292
3091416
3091532
3091660
3091788
3091908
3092024
3092144
3092264
3092384
3092504
3092624
3092744
3092864
3092984
3093104
3093224
3093340
3093460
3093580
3093700
3093820
3093940
3094060
3094180
3094300
3094416
3094544
3094664
3094784
3094904
3095020
3095140
3095260
3095380
3095500
3095620
3095740
3095860
3095980
3096100
3096216
3096336
3096456
3096584
3096704
3096820
3096940
3097060
3097180
3097300
3097420
3097540
3097656
3097776
3097896
3098016
3098136
3098256
3098376
3098496
3098616
3098740
3098860
3098980
3099100
3099220
3099336
3099456
3099576
3099700
3099820
3099940
3100060
3100180
3100300
3100416
3100536
3100656
3100776
3100896
3101016
3101136
3101256
3101376
3101496
3101612
3101732
3101852
3101972
3102092
3102212
3102332
3102448
3102568
3102688
3102808
3102928
3103048
3103168
3103288
3103408
3103528
3103644
3103764
3103884
3104004
3104124
3104244
3104360
3104480
3104600
3104720
3104840
3104960
3105080
3105200
3105320
3105436
3105556
3105676
3105804
3105920
3106040
3106160
3106280
3106400
3106520
3106640
3106760
3106880
3107000
3107116
3107236
3107356
3107476
3107596
3107716
3107836
3107960
3108080
3108200
3108320
3108440
3108560
3108680
3108796
3108916
3109036
3109156
3109276
3109396
3109516
3109636
3109756
3109876
3110000
3110120
3110240
3110360
3110480
3110600
3110720
3110836
3110956
3111076
3111196
3111316
3111436
3111556
3111676
3111796
3111912
3112032
3112152
3112272
3112392
3112512
3112632
3112752
3112872
3112992
3113112
3113228
3113348
3113468
3113588
3113708
3113828
3113948
3114068
3114188
3114308
3114428
3114548
3114668
3114788
3114904
3115028
3115148
3115268
3115388
3115508
3115628
3115748
3115864
3115984
3116104
3116224
3116344
3116464
3116584
3302728
3302844
3302972
3303092
3303220
3303340
3303464
3303592
3303720
3303836
3303968
3304088
3304208
3304336
3304460
3304588
3304708
3304832
3304952
3305080
3305204
3305332
3305452
3305584
3305704
3305824
3305952
3306072
3306192
3306312
3306440
3306564
3306692
3306812
3306944
3307064
3307184
3307312
3307432
3307552
3307672
3307800
3307924
3308044
3308164
3308284
3308404
3308524
3308644
3308764
3308884
3309004
3309120
3309240
3309360
3309480
3309600
3309720
3309840
3309960
3310080
3310200
3310320
3310436
3310556
3310676
3310796
3310916
3311036
3311156
3311276
3311396
3311516
3311636
3311756
3311876
3311996
3312116
3312236
3312356
3312476
3312596
3312712
3312832
3312952
3313072
3313192
3313312
3313432
3313552
3313676
3313796
3313916
3314036
3314156
3314276
3314396
3314512
3314632
3314752
3314872
3314992
3315112
3315232
3315352
3315468
3315588
3315708
3315836
3315956
3316072
3316192
3316312
3316432
3316552
3316672
3316792
3316912
3317032
3317152
3317272
3317388
3317508
3317628
3317748
3317876
3317992
3318112
3318232
3318352
3318472
3318592
3318712
3318828
3318948
3319068
3319188
3319308
3319428
3319548
3319668
3319788
3319908
3320028
3320144
3320264
3320384
3320504
3320624
3320744
3320864
3320984
3321104
3321224
3321340
3321460
3321580
3321700
3321820
3321940
3322060
3322180
3322300
3322420
3322540
3322660
3322776
3322900
3323020
3323140
3323260
3323380
3323500
3323616
3323736
3323856
3323976
3324096
3324216
3324336
3324456
3324576
3324696
3324812
3324940
3325060
3325180
3325296
3325416
3325536
3325656
3325776
3325896
3326016
3326136
3326256
3326376
3326492
3326612
3326732
3326852
3326972
3327096
3327216
3327336
3327456
3327576
3327696
3327816
3327936
3328052
3328172
3328292
3328412
3328532
3328652
3328772
3328892
3329012
3329136
3329256
3329376
3329496
3329616
3329736
3329856
3329976
3330092
3330212
3330332
3330452
3330572
3330692
3330812
3330932
3331052
3331172
3331292
3331412
3331528
3331648
3331768
3331888
3332008
3332128
3332248
3332368
3332488
3332604
3332724
3518868
3518984
3519112
3519232
3519360
3519480
3519612
3519732
3519860
3519980
3520112
3520228
3520348
3520476
3520596
3520720
3520840
3520964
3521092
3521220
3521336
3521472
3521588
3521708
3521836
3521956
3522080
3522200
3522324
3522452
3522584
3522704
3522832
3522952
3523084
3523204
3523324
3523452
3523572
3523704
3523824
3523948
3524068
3524188
3524308
3524428
3524548
3524668
3524784
3524904
3525024
3525144
3525264
3525384
3525504
3525624
3525748
3525868
3525988
3526108
3526224
3526344
3526464
3526584
3526708
3526828
3526948
3527068
3527188
3527308
3527428
3527548
3527668
3527792
3527912
3528032
3528152
3528272
3528388
3528508
3528628
3528748
3528868
3528988
3529108
3529228
3529348
3529468
3529584
3529704
3529824
3529944
3530064
3530184
3530304
3530424
3530544
3530664
3530784
3530904
3531024
3531140
3531260
3531380
3531500
3531620
3531740
3531860
3531980
3532100
3532220
3532340
3532460
3532580
3532696
3532820
3532940
3533060
3533180
3533300
3533420
3533540
3533660
3533780
3533896
3534016
3534136
3534256
3534376
3534496
3534616
3534736
3534860
3534980
3535100
3535220
3535340
3535460
3535580
3535696
3535816
3535936
3536056
3536176
3536296
3536416
3536536
3536656
3536776
3536892
3537020
3537140
3537260
3537380
3537500
3537616
3537736
3537856
3537976
3538096
3538216
3538336
3538456
3538576
3538696
3538812
3538932
3539060
3539180
3539296
3539416
3539536
3539656
3539776
3539896
3540020
3540140
3540260
3540380
3540500
3540620
3540740
3540860
3540976
3541096
3541216
3541336
3541456
3541576
3541696
3541816
3541936
3542056
3542176
3542292
3542412
3542532
3542652
3542772
3542892
3543012
3543132
3543252
3543372
3543488
3543608
3543728
3543848
3543968
3544088
3544208
3544328
3544448
3544568
3544688
3544804
3544924
3545044
3545164
3545284
3545404
3545524
3545644
3545764
3545884
3546000
3546128
3546248
3546368
3546488
3546608
3546724
3546844
3546964
3547084
3547204
3547324
3547444
3547564
3547684
3547804
3547924
3548040
3548168
3548288
3548408
3548528
3548648
3548764
3548884
3735028
3735148
3735276
3735396
3735524
3735640
3735768
3735896
3736020
3736140
3736272
3736392
3736512
3736640
3736760
3736884
3737000
3737128
3737256
3737380
3737500
3737632
3737752
3737872
3738000
3738120
3738244
3738360
3738488
3738616
3738748
3738868
3738996
3739116
3739248
3739368
3739488
3739616
3739736
3739856
3739976
3740104
3740228
3740348
3740468
3740588
3740708
3740828
3740948
3741068
3741188
3741304
3741424
3741544
3741664
3741784
3741904
3742024
3742144
3742264
3742380
3742500
3742620
3742740
3742860
3742980
3743100
3743220
3743340
3743460
3743580
3743700
3743816
3743936
3744056
3744176
3744296
3744416
3744536
3744656
3744780
3744900
3745020
3745140
3745260
3745380
3745496
3745616
3745736
3745856
3745976
3746096
3746216
3746336
3746456
3746576
3746692
3746812
3746940
3747060
3747180
3747296
3747416
3747536
3747656
3747776
3747896
3748016
3748136
3748256
3748376
3748496
3748612
3748732
3748852
3748980
3749100
3749220
3749340
3749456
3749576
3749696
3749816
3749940
3750060
3750180
3750300
3750420
3750540
3750660
3750780
3750900
3751024
3751144
3751264
3751384
3751504
3751624
3751744
3751860
3751980
3752100
3752220
3752340
3752460
3752580
3752700
3752820
3752940
3753060
3753180
3753296
3753416
3753536
3753656
3753776
3753896
3754016
3754136
3754256
3754376
3754496
3754616
3754732
3754852
3754972
3755092
3755212
3755332
3755452
3755572
3755692
3755812
3755932
3756052
3756172
3756292
3756412
3756532
3756652
3756772
3756892
3757008
3757128
3757248
3757368
3757488
3757608
3757728
3757848
3757968
3758092
3758212
3758332
3758452
3758572
3758692
3758812
3758928
3759048
3759168
3759288
3759408
3759528
3759648
3759768
3759888
3760008
3760132
3760252
3760372
3760492
3760612
3760732
3760852
3760968
3761088
3761208
3761328
3761448
3761568
3761688
3761808
3761928
3762048
3762164
3762292
3762412
3762532
3762652
3762768
3762888
3763008
3763128
3763252
3763372
3763492
3763612
3763732
3763852
3763972
3764092
3764212
3764336
3764456
3764576
3764696
3764816
3764936
3765056
3951204
3951324
3951452
3951572
3951696
3951816
3951944
3952068
3952196
3952316
3952448
3952568
3952692
3952820
3952940
3953068
3953188
3953312
3953432
3953560
3953684
3953812
3953940
3954068
3954188
3954320
3954440
3954560
3954684
3954812
3954936
3955056
3955184
3955300
3955428
3955556
3955680
3955800
3955932
3956052
3956172
3956300
3956420
3956540
3956660
3956780
3956900
3957016
3957136
3957256
3957376
3957496
3957616
3957736
3957856
3957976
3958096
3958212
3958332
3958452
3958572
3958692
3958812
3958932
3959052
3959172
3959292
3959408
3959528
3959648
3959768
3959892
3960012
3960132
3960252
3960372
3960492
3960612
3960732
3960852
3960972
3961092
3961212
3961332
3961452
3961572
3961692
3961808
3961928
3962048
3962168
3962288
3962408
3962528
3962648
3962768
3962892
3963012
3963132
3963252
3963372
3963492
3963612
3963732
3963848
3963968
3964088
3964208
3964328
3964448
3964568
3964688
3964808
3964932
3965052
3965172
3965292
3965412
3965532
3965652
3965772
3965892
3966012
3966128
3966248
3966368
3966488
3966608
3966728
3966848
3966968
3967092
3967212
3967332
3967452
3967572
3967692
3967812
3967932
3968052
3968172
3968292
3968412
3968532
3968652
3968772
3968892
3969012
3969136
3969256
3969376
3969496
3969616
3969736
3969856
3969976
3970096
3970212
3970332
3970452
3970572
3970692
3970812
3970932
3971052
3971172
3971292
3971412
3971532
3971648
3971768
3971888
3972008
3972128
3972248
3972368
3972488
3972608
3972728
3972848
3972968
3973084
3973204
3973324
3973444
3973564
3973684
3973804
3973924
3974044
3974164
3974284
3974404
3974524
3974644
3974764
3974884
3975004
3975120
3975240
3975360
3975480
3975600
3975720
3975840
3975960
3976080
3976204
3976324
3976444
3976564
3976684
3976804
3976924
3977044
3977160
3977280
3977400
3977520
3977640
3977760
3977880
3978000
3978120
3978244
3978364
3978484
3978604
3978724
3978844
3978964
3979080
3979200
3979320
3979440
3979560
3979680
3979800
3979920
3980040
3980160
3980280
3980404
3980524
3980644
3980764
3980884
3981000
3981120
3981240
4167392
4167508
4167636
4167756
4167884
4168004
4168132
4168256
4168384
4168504
4168636
4168756
4168888
4169008
4169128
4169256
4169376
4169500
4169616
4169752
4169872
4170000
4170124
4170252
4170372
4170504
4170624
4170744
4170876
4170996
4171124
4171244
4171368
4171488
4171616
4171740
4171872
4171996
4172124
4172244
4172376
4172492
4172612
4172740
4172860
4172980
4173100
4173220
4173340
4173460
4173580
4173700
4173816
4173944
4174064
4174184
4174304
4174424
4174540
4174660
4174780
4174900
4175020
4175140
4175260
4175380
4175500
4175620
4175740
4175860
4175984
4176104
4176224
4176344
4176464
4176584
4176704
4176820
4176940
4177060
4177180
4177300
4177420
4177540
4177660
4177780
4177900
4178016
4178136
4178256
4178376
4178496
4178616
4178736
4178856
4178976
4179096
4179212
4179332
4179452
4179572
4179692
4179812
4179932
4180052
4180172
4180292
4180412
4180532
4180652
4180772
4180892
4181012
4181132
4181252
4181372
4181492
4181612
4181732
4181852
4181972
4182092
4182208
4182328
4182448
4182568
4182688
4182808
4182928
4183052
4183172
4183292
4183412
4183532
4183652
4183772
4183892
4184012
4184132
4184252
4184372
4184488
4184608
4184728
4184848
4184968
4185096
4185212
4185332
4185452
4185572
4185692
4185812
4185932
4186052
4186172
4186292
4186412
4186532
4186652
4186768
4186888
4187008
4187128
4187256
4187376
4187496
4187612
4187732
4187852
4187972
4188092
4188212
4188332
4188452
4188572
4188692
4188812
4188932
4189052
4189172
4189296
4189416
4189536
4189656
4189776
4189896
4190016
4190136
4190256
4190372
4190492
4190612
4190732
4190852
4190972
4191092
4191212
4191332
4191452
4191572
4191692
4191812
4191928
4192048
4192168
4192288
4192408
4192528
4192648
4192768
4192888
4193008
4193128
4193248
4193364
4193484
4193604
4193724
4193844
4193964
4194084
4194204
4194324
4194444
4194564
4194684
4194804
4194924
4195044
4195164
4195284
4195404
4195520
4195640
4195760
4195880
4196000
4196120
4196240
4196364
4196484
4196604
4196724
4196844
4196964
4197084
4197204
4197324
4197444
4383584
4383704
4383832
4383952
4384076
4384196
4384324
4384448
4384576
4384696
4384828
4384948
4385084
4385204
4385320
4385448
4385568
4385692
4385812
4385940
4386064
4386192
4386312
4386444
4386564
4386684
4386808
4386936
4387064
4387180
4387308
4387428
4387552
4387680
4387808
4387924
4388056
4388176
4388296
4388424
4388544
4388668
4388784
4388904
4389024
4389144
4389264
4389384
4389504
4389624
4389744
4389864
4389984
4390104
4390220
4390340
4390460
4390580
4390700